kinematics:
  shoulder:
    x: 0
    y: 0
    z: 0.08935592323216532
    roll: -0
    pitch: 0
    yaw: 4.111476557225325e-05
  upper_arm:
    x: 0.0002014494027273867
    y: 0
    z: 0
    roll: 1.57011072353607
    pitch: 0
    yaw: -3.721045281128119e-05
  forearm:
    x: -0.4251474626343882
    y: 0
    z: 0
    roll: 3.140937485894357
    pitch: 3.140817935087594
    yaw: 3.1415648674201
  wrist_1:
    x: -0.3922113337640933
    y: 0.0001269024822644212
    z: 0.1103757983896145
    roll: 3.140442923049228
    pitch: -3.141567350196113
    yaw: 3.141557267117316
  wrist_2:
    x: 3.842498741960312e-05
    y: -0.09498256590026773
    z: -0.0001023331528451987
    roll: 1.5718737151796
    pitch: 0
    yaw: 3.304533478537541e-05
  wrist_3:
    x: -2.306987898318885e-05
    y: 0.08248606763868636
    z: -0.0001286923956401512
    roll: 1.569236156757627
    pitch: 3.141592653589793
    yaw: 3.14144974629927
  hash: calib_18417947575836578391